1880321629
1880406539
1880491304
1880576024
1880660689
1880745404
1880830169
1880914944
1880999619
1881084329
1881169119
1881253824
1881338519
1881423334
1881508074
1881592759
1881677474
1881762129
1881846829
1881931684
1882016454
1882101104
1882185809
1882270514
1882355244
1882440074
1882524799
1882609499
1882694309
1882778989
1882863684
1882948494
1883033224
1883117679
1883202394
1883287204
1883371899
1883456659
1883541484
1883626184
1883711024
1883795899
1883880614
1883965369
1884050074
1884134749
1884219639
1884304409
1884389009
1884473824
1884558514
1884643254
1884728109
1884812814
1884897499
1884982349
1885067044
1885151829
1885236634
1885321314
1885406139
1885490969
1885575644
1885660469
1885745319
1885830029
1885914734
1885999584
1886084319
1886169074
1886253899
1886338564
1886423329
1886508149
1886592889
1886677729
1886762454
1886847159
1886932179
1887016834
1887101614
1887186364
1887271044
1887355789
1887440684
1887525404
1887610144
1887694949
1887779509
1887864099
1887949009
1888033829
1888118369
1888203049
1888287734
1888372489
1888457354
1888542109
1888626799
1888711619
1888796324
1888880974
1888965674
1889050389
1889135119
1889219899
1889304489
1889389214
1889474084
1889558689
1889643289
1889728064
1889812804
1889897399
1889982124
1890066869
1890151644
1890236469
1890321094
1890405769
1890490679
1890575439
1890660159
1890744923
1890829668
1890914399
1890999268
1891083858
1891168608
1891253543
1891338274
1891422934
1891507638
1891592339
1891677078
1891761933
1891846663
1891931283
1892016103
1892100754
1892185399
1892270283
1892354978
1892439723
1892524664
1892609373
1892694043
1892778858
1892863618
1892948308
1893033068
1893117673
1893202359
1893287213
1893371903
1893456648
1893541428
1893625958
1893710723
1893795524
1893880124
1893964794
1894049613
1894134388
1894219278
1894303999
1894388513
1894473198
1894558028
1894642703
1894727388
1894812128
1894896783
1894981553
1895066323
1895151014
1895235853
1895320598
1895405338
1895490198
1895574993
1895659663
1895744393
1895829123
1895913883
1895998749
1896083498
1896168193
1896253018
1896337658
1896422328
1896507123
1896591918
1896676703
1896761573
1896846248
1896930923
1897015753
1897100463
1897185373
1897270083
1897354673
1897439518
1897524413
1897609044
1897693763
1897778488
1897863253
1897947948
1898032458
1898117143
1898202053
1898286693
1898371283
1898456053
1898540798
1898625503
1898710073
1898794728
1898879548
1898964203
1899048723
1899133533
1899218248
1899302823
1899387588
1899472428
1899556978
1899641658
1899726423
1899811238
1899895908
1899980503
1900065303
1900150163
1900234748
1900319473
1900404323
1900489093
1900573813
1900658503
1900743188
1900828013
1900912643
1900997173
1901081943
1901166763
1901251353
1901335958
1901420708
1901505453
1901590248
1901675063
1901759603
1901844248
1901929128
1902013803
1902098318
1902183023
1902267703
1902352418
1902437123
1902521913
1902606778
1902691548
1902776168
1902861023
1902945803
1903030448
1903115198
1903199988
1903284648
1903369408
1903454128
1903538738
1903623483
1903708198
1903792763
1903877443
1903962198
1904046993
1904131858
1904216708
1904301413
1904386098
1904470938
1904555553
1904640083
1904724803
1904809598
1904894473
1904979008
1905063583
1905148478
1905233348
1905317953
1905402698
1905487558
1905572323
1905656958
1905741718
1905826523
1905911308
1905995933
1906080588
1906165413
1906250208
1906334813
1906419603
1906504493
1906589183
1906673923
1906758788
1906843548
1906928248
1907012938
1907097783
1907182638
1907267373
1907352123
1907436958
1907521713
1907606483
1907691333
1907776108
1907860818
1907945683
1908030523
1908115178
1908199943
1908284588
1908369328
1908454238
1908538968
1908623703
1908708588
1908793373
1908878163
1908962988
1909047723
1909132418
1909217278
1909301933
1909386658
1909471473
1909556323
1909641078
1909725878
1909810473
1909895183
1909980083
1910064918
1910149518
1910234268
1910319003
1910403868
1910488758
1910573358
1910657938
1910742833
1910827548
1910912138
1910996878
1911081623
1911166368
1911251168
1911335723
1911420418
1911505373
1911590138
1911674728
1911759498
1911844298
1911929018
1912013843
1912098618
1912183378
1912268198
1912352898
1912437608
1912522443
1912607208
1912692118
1912776973
1912861643
1912946378
1913031248
1913116043
1913200863
1913285693
1913370378
1913455128
1913540038
1913624703
1913709378
1913794253
1913879003
1913963588
1914048413
1914133163
1914217963
1914302823
1914387538
1914472288
1914557203
1914641968
1914726703
1914811553
1914896263
1914981093
1915066008
1915150828
1915235578
1915320418
1915405153
1915489858
1915574673
1915659423
1915744158
1915829058
1915913838
1915998568
1916083428
1916168193
1916252863
1916337613
1916422393
1916507218
1916592083
1916676773
1916761568
1916846478
1916931278
1917016113
1917101003
1917185608
1917270258
1917355093
1917439798
1917524463
1917609338
1917694083
1917778848
1917863663
1917948378
1918033073
1918117963
1918202708
1918287443
1918372283
1918457143
1918541888
1918626638
1918711558
1918796273
1918880933
1918965728
1919050573
1919135418
1919220338
1919305133
1919389993
1919474958
1919559748
1919644538
1919729423
1919814203
1919898958
1919983663
1920068263
1920153038
1920237993
1920322743
1920407528
1920492408
1920577198
1920662013
1920746963
1920831843
1920916593
1921001488
1921086403
1921171318
1921256183
1921341023
1921425813
1921510688
1921595523
1921680353
1921765328
1921850248
1921934883
1922019683
1922104558
1922189308
1922274063
1922358953
1922443778
1922528623
1922613533
1922698363
1922783053
1922867888
1922952668
1923037533
1923122398
1923207133
1923291883
1923376763
1923461568
1923546362
1923631232
1923715977
1923800862
1923885692
1923970562
1924055487
1924140242
1924224962
1924309812
1924394663
1924479377
1924564077
1924648932
1924733792
1924818677
1924903422
1924988222
1925073153
1925158012
1925242792
1925327682
1925412438
1925497167
1925582097
1925667022
1925751867
1925836697
1925921352
1926006153
1926091092
1926175792
1926260462
1926345302
1926430242
1926515092
1926599857
1926684643
1926769427
1926854292
1926939067
1927023868
1927108772
1927193712
1927278493
1927363327
1927448132
1927532787
1927617567
1927702567
1927787422
1927872238
1927956987
1928041772
1928126617
1928211543
1928296277
1928381112
1928465972
1928550743
1928635617
1928720477
1928805272
1928890097
1928974952
1929059707
1929144437
1929229347
1929314272
1929398862
1929483542
1929568447
1929653317
1929738212
1929823162
1929908042
1929992882
1930077727
1930162507
1930247207
1930331957
1930416807
1930501682
1930586617
1930671407
1930756272
1930841242
1930926357
1931011102
1931096062
1931180842
1931265497
1931350332
1931435187
1931520052
1931605042
1931689917
1931774682
1931859567
1931944327
1932029097
1932114007
1932198922
1932283692
1932368507
1932453312
1932538202
1932623172
1932708032
1932792787
1932877587
1932962392
1933047092
1933131992
1933216867
1933301712
1933386497
1933471412
1933556102
1933640897
1933725862
1933810737
1933895502
1933980312
1934065152
1934150052
1934234897
1934319622
1934404382
1934489392
1934574357
1934659117
1934743922
1934828862
1934913642
1934998477
1935083422
1935168277
1935253102
1935337962
1935422777
1935507652
1935592427
1935677192
1935762152
1935847112
1935931892
1936016717
1936101662
1936186512
1936271377
1936356292
1936441127
1936526077
1936610987
1936695762
1936780602
1936865582
1936950467
1937035402
1937120322
1937205082
1937290022
1937374927
1937459617
1937544527
1937629557
1937714447
1937799242
1937884192
1937969007
1938054032
1938138932
1938223762
1938308692
1938393652
1938478422
1938563237
1938648117
1938733007
1938817942
1938902907
1938987657
1939072427
1939157422
1939242372
1939327207
1939412082
1939496927
1939581832
1939666792
1939751667
1939836682
1939921702
1940006472
1940091332
1940176237
1940261107
1940345957
1940430907
1940515707
1940600577
1940685482
1940770317
1940855227
1940940192
1941024867
1941109692
1941194702
1941279552
1941364307
1941449252
1941534102
1941618937
1941703952
1941788902
1941873782
1941958767
1942043757
1942128737
1942213762
1942298692
1942383522
1942468427
1942553312
1942638197
1942723212
1942808127
1942892942
1942977942
1943062927
1943147882
1943232872
1943317872
1943402782
1943487757
1943572602
1943657467
1943742512
1943827537
1943912452
1943997497
1944082492
1944167447
1944252577
1944337417
1944422447
1944507472
1944592487
1944677342
1944762362
1944847377
1944932312
1945017382
1945102227
1945186962
1945271977
1945357082
1945442052
1945526992
1945612022
1945696867
1945781727
1945866732
1945951707
1946036692
1946121667
1946206597
1946291692
1946376702
1946461637
1946546617
1946631637
1946716552
1946801432
1946886222
1946971147
1947056272
1947141127
1947225787
1947310747
1947395772
1947480637
1947565597
1947650617
1947735607
1947820582
1947905437
1947990392
1948075497
1948160507
1948245417
1948330262
1948415082
1948500042
1948585092
1948670037
1948755017
1948840167
1948925187
1949010152
1949095172
1949180077
1949265092
1949350112
1949434912
1949519862
1949604882
1949689877
1949774712
1949859567
1949944487
1950029422
1950114267
1950199172
1950284192
1950369112
1950453892
1950538927
1950623957
1950708812
1950793807
1950878792
1950963702
1951048522
1951133502
1951218502
1951303527
1951388527
1951473317
1951558202
1951643307
1951728262
1951813097
1951897997
1951982997
1952067977
1952152947
1952237967
1952322857
1952407867
1952492897
1952577902
1952662907
1952747832
1952832767
1952917712
1953002587
1953087457
1953172527
1953257512
1953342367
1953427352
1953512372
1953597282
1953682207
1953767187
1953852132
1953937132
1954022087
1954106992
1954192062
1954277107
1954361982
1954446857
1954531802
1954616767
1954701857
1954786867
1954871752
1954956807
1955041827
1955126622
1955211457
1955296467
1955381442
1955466432
1955551542
1955636527
1955721407
1955806387
1955891337
1955976177
1956061327
1956146347
1956231297
1956316287
1956401381
1956486287
1956571191
1956656171
1956741181
1956826207
1956911136
1956996046
1957081021
1957166086
1957251041
1957336107
1957421076
1957506062
1957591236
1957676261
1957761176
1957846196
1957931126
1958016061
1958101116
1958186096
1958271081
1958356106
1958441142
1958526091
1958611117
1958696031
1958780886
1958865827
1958950801
1959035801
1959120821
1959205707
1959290651
1959375746
1959460756
1959545617
1959630616
1959715626
1959800566
1959885467
1959970456
1960055477
1960140521
1960225452
1960310421
1960395442
1960480406
1960565331
1960650391
1960735441
1960820261
1960905242
1960990341
1961075262
1961160171
1961245321
1961330406
1961415416
1961500472
1961585431
1961670341
1961755391
1961840432
1961925471
1962010486
1962095361
1962180321
1962265396
1962350406
1962435506
1962520641
1962605696
1962690766
1962775781
1962860666
1962945671
1963030756
1963115591
1963200511
1963285651
1963370651
1963455511
1963540486
1963625486
1963710491
1963795516
1963880516
1963965526
1964050617
1964135486
1964220461
1964305651
1964390626
1964475486
1964560577
1964645681
1964730701
1964815772
1964900756
1964985661
1965070751
